[GastPumps]

B1	600


[CostEnergy]


1	53,6845023
2	50,9977008
3	48,9218706
4	48,215205
5	48,0753441
6	49,245759
7	55,3407498
8	61,1339355
9	61,8553233
10	61,5535182
11	59,0433831
12	57,7551906
13	106,2795618
14	104,9251194
15	104,4687312
16	103,5338715
17	106,515117
18	112,0874697
19	112,9560795
20	114,8552433
21	111,6089982
22	108,1492812
23	58,3440786
24	55,5689439

[AdiCost]

Ac	3400

[MaximDemanDia]

Mdd	2000

[MaximDemanHora]

Mdh	500


[CostMan]

B1	1500
